13 0.875000 0.625000 0.250000 0.250000
19 0.375000 0.625000 0.250000 0.250000
12 0.125000 0.875000 0.250000 0.250000
6 0.875000 0.375000 0.250000 0.250000
7 0.875000 0.125000 0.250000 0.250000
16 0.375000 0.375000 0.250000 0.250000
26 0.875000 0.875000 0.250000 0.250000
32 0.125000 0.125000 0.250000 0.250000
31 0.625000 0.125000 0.250000 0.250000
18 0.375000 0.125000 0.250000 0.250000
21 0.125000 0.625000 0.250000 0.250000
22 0.375000 0.875000 0.250000 0.250000
3 0.625000 0.875000 0.250000 0.250000
2 0.625000 0.625000 0.250000 0.250000
0 0.125000 0.375000 0.250000 0.250000
8 0.625000 0.375000 0.250000 0.250000
