10 0.125000 0.375000 0.250000 0.250000
7 0.375000 0.375000 0.250000 0.250000
8 0.875000 0.375000 0.250000 0.250000
21 0.625000 0.375000 0.250000 0.250000
19 0.625000 0.125000 0.250000 0.250000
26 0.375000 0.875000 0.250000 0.250000
33 0.125000 0.625000 0.250000 0.250000
12 0.875000 0.125000 0.250000 0.250000
32 0.625000 0.875000 0.250000 0.250000
30 0.375000 0.625000 0.250000 0.250000
13 0.625000 0.625000 0.250000 0.250000
4 0.875000 0.875000 0.250000 0.250000
18 0.125000 0.125000 0.250000 0.250000
31 0.875000 0.625000 0.250000 0.250000
2 0.125000 0.875000 0.250000 0.250000
22 0.375000 0.125000 0.250000 0.250000
