4 0.125000 0.125000 0.250000 0.250000
12 0.875000 0.875000 0.250000 0.250000
16 0.875000 0.375000 0.250000 0.250000
27 0.375000 0.375000 0.250000 0.250000
0 0.625000 0.875000 0.250000 0.250000
10 0.375000 0.125000 0.250000 0.250000
20 0.875000 0.125000 0.250000 0.250000
19 0.625000 0.125000 0.250000 0.250000
30 0.125000 0.875000 0.250000 0.250000
34 0.375000 0.625000 0.250000 0.250000
33 0.625000 0.625000 0.250000 0.250000
26 0.625000 0.375000 0.250000 0.250000
11 0.875000 0.625000 0.250000 0.250000
9 0.125000 0.375000 0.250000 0.250000
29 0.375000 0.875000 0.250000 0.250000
1 0.125000 0.625000 0.250000 0.250000
