19 0.875000 0.875000 0.250000 0.250000
2 0.125000 0.875000 0.250000 0.250000
11 0.875000 0.125000 0.250000 0.250000
24 0.375000 0.375000 0.250000 0.250000
4 0.625000 0.875000 0.250000 0.250000
20 0.125000 0.625000 0.250000 0.250000
18 0.875000 0.625000 0.250000 0.250000
22 0.625000 0.125000 0.250000 0.250000
6 0.125000 0.125000 0.250000 0.250000
28 0.875000 0.375000 0.250000 0.250000
17 0.125000 0.375000 0.250000 0.250000
34 0.375000 0.875000 0.250000 0.250000
27 0.375000 0.625000 0.250000 0.250000
0 0.375000 0.125000 0.250000 0.250000
13 0.625000 0.625000 0.250000 0.250000
25 0.625000 0.375000 0.250000 0.250000
