2 0.375000 0.375000 0.250000 0.250000
33 0.625000 0.625000 0.250000 0.250000
17 0.125000 0.125000 0.250000 0.250000
4 0.375000 0.625000 0.250000 0.250000
12 0.125000 0.625000 0.250000 0.250000
23 0.875000 0.875000 0.250000 0.250000
29 0.125000 0.375000 0.250000 0.250000
27 0.375000 0.125000 0.250000 0.250000
34 0.625000 0.375000 0.250000 0.250000
21 0.875000 0.625000 0.250000 0.250000
13 0.875000 0.125000 0.250000 0.250000
5 0.625000 0.875000 0.250000 0.250000
11 0.875000 0.375000 0.250000 0.250000
22 0.125000 0.875000 0.250000 0.250000
31 0.625000 0.125000 0.250000 0.250000
26 0.375000 0.875000 0.250000 0.250000
