31 0.375000 0.125000 0.250000 0.250000
25 0.375000 0.375000 0.250000 0.250000
23 0.625000 0.875000 0.250000 0.250000
33 0.375000 0.875000 0.250000 0.250000
9 0.625000 0.625000 0.250000 0.250000
21 0.125000 0.625000 0.250000 0.250000
19 0.125000 0.125000 0.250000 0.250000
34 0.375000 0.625000 0.250000 0.250000
15 0.625000 0.125000 0.250000 0.250000
3 0.875000 0.125000 0.250000 0.250000
16 0.875000 0.375000 0.250000 0.250000
13 0.875000 0.625000 0.250000 0.250000
28 0.125000 0.875000 0.250000 0.250000
6 0.875000 0.875000 0.250000 0.250000
32 0.625000 0.375000 0.250000 0.250000
4 0.125000 0.375000 0.250000 0.250000
