9 0.125000 0.875000 0.250000 0.250000
17 0.875000 0.375000 0.250000 0.250000
29 0.625000 0.625000 0.250000 0.250000
15 0.125000 0.375000 0.250000 0.250000
10 0.125000 0.625000 0.250000 0.250000
19 0.375000 0.375000 0.250000 0.250000
31 0.875000 0.125000 0.250000 0.250000
18 0.625000 0.375000 0.250000 0.250000
23 0.375000 0.125000 0.250000 0.250000
14 0.875000 0.875000 0.250000 0.250000
30 0.875000 0.625000 0.250000 0.250000
24 0.625000 0.875000 0.250000 0.250000
8 0.375000 0.625000 0.250000 0.250000
0 0.625000 0.125000 0.250000 0.250000
28 0.125000 0.125000 0.250000 0.250000
34 0.375000 0.875000 0.250000 0.250000
