3 0.625000 0.375000 0.250000 0.250000
33 0.875000 0.375000 0.250000 0.250000
24 0.875000 0.875000 0.250000 0.250000
7 0.125000 0.375000 0.250000 0.250000
25 0.375000 0.875000 0.250000 0.250000
23 0.125000 0.625000 0.250000 0.250000
10 0.125000 0.875000 0.250000 0.250000
18 0.125000 0.125000 0.250000 0.250000
0 0.875000 0.125000 0.250000 0.250000
28 0.375000 0.125000 0.250000 0.250000
29 0.625000 0.125000 0.250000 0.250000
9 0.625000 0.625000 0.250000 0.250000
1 0.375000 0.625000 0.250000 0.250000
32 0.875000 0.625000 0.250000 0.250000
30 0.625000 0.875000 0.250000 0.250000
15 0.375000 0.375000 0.250000 0.250000
