27 0.875000 0.875000 0.250000 0.250000
29 0.625000 0.375000 0.250000 0.250000
3 0.125000 0.125000 0.250000 0.250000
20 0.125000 0.375000 0.250000 0.250000
23 0.625000 0.125000 0.250000 0.250000
15 0.125000 0.625000 0.250000 0.250000
9 0.375000 0.125000 0.250000 0.250000
10 0.125000 0.875000 0.250000 0.250000
26 0.875000 0.625000 0.250000 0.250000
0 0.375000 0.875000 0.250000 0.250000
2 0.375000 0.625000 0.250000 0.250000
1 0.625000 0.875000 0.250000 0.250000
18 0.625000 0.625000 0.250000 0.250000
11 0.875000 0.125000 0.250000 0.250000
14 0.875000 0.375000 0.250000 0.250000
8 0.375000 0.375000 0.250000 0.250000
