15 0.875000 0.375000 0.250000 0.250000
6 0.375000 0.375000 0.250000 0.250000
2 0.875000 0.625000 0.250000 0.250000
27 0.375000 0.875000 0.250000 0.250000
3 0.125000 0.125000 0.250000 0.250000
30 0.375000 0.625000 0.250000 0.250000
32 0.375000 0.125000 0.250000 0.250000
12 0.625000 0.375000 0.250000 0.250000
14 0.625000 0.875000 0.250000 0.250000
0 0.875000 0.875000 0.250000 0.250000
34 0.125000 0.625000 0.250000 0.250000
25 0.125000 0.875000 0.250000 0.250000
31 0.625000 0.125000 0.250000 0.250000
24 0.625000 0.625000 0.250000 0.250000
17 0.125000 0.375000 0.250000 0.250000
16 0.875000 0.125000 0.250000 0.250000
