7 0.375000 0.625000 0.250000 0.250000
5 0.875000 0.875000 0.250000 0.250000
14 0.125000 0.375000 0.250000 0.250000
15 0.625000 0.375000 0.250000 0.250000
26 0.375000 0.875000 0.250000 0.250000
13 0.875000 0.375000 0.250000 0.250000
20 0.125000 0.625000 0.250000 0.250000
1 0.375000 0.375000 0.250000 0.250000
24 0.875000 0.625000 0.250000 0.250000
4 0.875000 0.125000 0.250000 0.250000
10 0.625000 0.125000 0.250000 0.250000
28 0.625000 0.875000 0.250000 0.250000
25 0.375000 0.125000 0.250000 0.250000
17 0.125000 0.125000 0.250000 0.250000
27 0.625000 0.625000 0.250000 0.250000
6 0.125000 0.875000 0.250000 0.250000
