19 0.625000 0.625000 0.250000 0.250000
25 0.875000 0.875000 0.250000 0.250000
32 0.625000 0.125000 0.250000 0.250000
23 0.375000 0.875000 0.250000 0.250000
26 0.125000 0.375000 0.250000 0.250000
9 0.875000 0.375000 0.250000 0.250000
11 0.875000 0.125000 0.250000 0.250000
1 0.375000 0.625000 0.250000 0.250000
3 0.625000 0.875000 0.250000 0.250000
28 0.875000 0.625000 0.250000 0.250000
33 0.125000 0.625000 0.250000 0.250000
14 0.625000 0.375000 0.250000 0.250000
16 0.125000 0.875000 0.250000 0.250000
4 0.375000 0.375000 0.250000 0.250000
10 0.125000 0.125000 0.250000 0.250000
18 0.375000 0.125000 0.250000 0.250000
