7 0.125000 0.125000 0.250000 0.250000
34 0.375000 0.625000 0.250000 0.250000
14 0.875000 0.875000 0.250000 0.250000
19 0.625000 0.875000 0.250000 0.250000
2 0.875000 0.625000 0.250000 0.250000
30 0.875000 0.375000 0.250000 0.250000
20 0.375000 0.375000 0.250000 0.250000
13 0.375000 0.125000 0.250000 0.250000
33 0.125000 0.625000 0.250000 0.250000
6 0.625000 0.125000 0.250000 0.250000
32 0.625000 0.625000 0.250000 0.250000
18 0.125000 0.375000 0.250000 0.250000
23 0.375000 0.875000 0.250000 0.250000
3 0.125000 0.875000 0.250000 0.250000
9 0.875000 0.125000 0.250000 0.250000
11 0.625000 0.375000 0.250000 0.250000
