1 0.875000 0.125000 0.250000 0.250000
34 0.875000 0.625000 0.250000 0.250000
8 0.125000 0.875000 0.250000 0.250000
12 0.375000 0.875000 0.250000 0.250000
14 0.625000 0.875000 0.250000 0.250000
31 0.375000 0.625000 0.250000 0.250000
29 0.625000 0.375000 0.250000 0.250000
25 0.375000 0.125000 0.250000 0.250000
18 0.875000 0.875000 0.250000 0.250000
33 0.125000 0.125000 0.250000 0.250000
30 0.875000 0.375000 0.250000 0.250000
9 0.625000 0.125000 0.250000 0.250000
22 0.125000 0.375000 0.250000 0.250000
32 0.125000 0.625000 0.250000 0.250000
10 0.375000 0.375000 0.250000 0.250000
5 0.625000 0.625000 0.250000 0.250000
