34 0.875000 0.125000 0.250000 0.250000
2 0.125000 0.125000 0.250000 0.250000
12 0.125000 0.875000 0.250000 0.250000
0 0.375000 0.625000 0.250000 0.250000
32 0.125000 0.625000 0.250000 0.250000
21 0.875000 0.625000 0.250000 0.250000
15 0.375000 0.125000 0.250000 0.250000
16 0.875000 0.375000 0.250000 0.250000
19 0.875000 0.875000 0.250000 0.250000
4 0.625000 0.875000 0.250000 0.250000
9 0.125000 0.375000 0.250000 0.250000
28 0.375000 0.875000 0.250000 0.250000
33 0.625000 0.625000 0.250000 0.250000
7 0.375000 0.375000 0.250000 0.250000
18 0.625000 0.375000 0.250000 0.250000
8 0.625000 0.125000 0.250000 0.250000
