16 0.875000 0.875000 0.250000 0.250000
34 0.625000 0.625000 0.250000 0.250000
31 0.375000 0.125000 0.250000 0.250000
30 0.375000 0.625000 0.250000 0.250000
8 0.625000 0.125000 0.250000 0.250000
21 0.875000 0.125000 0.250000 0.250000
14 0.125000 0.375000 0.250000 0.250000
27 0.375000 0.875000 0.250000 0.250000
15 0.625000 0.375000 0.250000 0.250000
1 0.125000 0.625000 0.250000 0.250000
11 0.125000 0.875000 0.250000 0.250000
26 0.625000 0.875000 0.250000 0.250000
4 0.375000 0.375000 0.250000 0.250000
9 0.875000 0.375000 0.250000 0.250000
18 0.125000 0.125000 0.250000 0.250000
29 0.875000 0.625000 0.250000 0.250000
