4 0.375000 0.125000 0.250000 0.250000
31 0.125000 0.125000 0.250000 0.250000
5 0.625000 0.875000 0.250000 0.250000
12 0.125000 0.625000 0.250000 0.250000
17 0.125000 0.875000 0.250000 0.250000
13 0.625000 0.375000 0.250000 0.250000
18 0.875000 0.625000 0.250000 0.250000
23 0.375000 0.625000 0.250000 0.250000
1 0.875000 0.125000 0.250000 0.250000
25 0.375000 0.875000 0.250000 0.250000
21 0.625000 0.625000 0.250000 0.250000
2 0.875000 0.875000 0.250000 0.250000
19 0.375000 0.375000 0.250000 0.250000
29 0.625000 0.125000 0.250000 0.250000
27 0.875000 0.375000 0.250000 0.250000
6 0.125000 0.375000 0.250000 0.250000
