24 0.125000 0.375000 0.250000 0.250000
20 0.375000 0.875000 0.250000 0.250000
10 0.875000 0.375000 0.250000 0.250000
1 0.625000 0.625000 0.250000 0.250000
12 0.875000 0.875000 0.250000 0.250000
17 0.375000 0.625000 0.250000 0.250000
13 0.625000 0.375000 0.250000 0.250000
29 0.625000 0.125000 0.250000 0.250000
3 0.875000 0.125000 0.250000 0.250000
19 0.375000 0.125000 0.250000 0.250000
4 0.125000 0.625000 0.250000 0.250000
27 0.125000 0.875000 0.250000 0.250000
0 0.875000 0.625000 0.250000 0.250000
34 0.375000 0.375000 0.250000 0.250000
21 0.625000 0.875000 0.250000 0.250000
32 0.125000 0.125000 0.250000 0.250000
