21 0.375000 0.125000 0.250000 0.250000
5 0.875000 0.875000 0.250000 0.250000
34 0.875000 0.375000 0.250000 0.250000
10 0.375000 0.625000 0.250000 0.250000
15 0.625000 0.625000 0.250000 0.250000
19 0.375000 0.875000 0.250000 0.250000
9 0.125000 0.375000 0.250000 0.250000
11 0.125000 0.125000 0.250000 0.250000
14 0.875000 0.125000 0.250000 0.250000
13 0.625000 0.875000 0.250000 0.250000
17 0.875000 0.625000 0.250000 0.250000
30 0.375000 0.375000 0.250000 0.250000
27 0.125000 0.625000 0.250000 0.250000
33 0.625000 0.125000 0.250000 0.250000
4 0.625000 0.375000 0.250000 0.250000
6 0.125000 0.875000 0.250000 0.250000
