10 0.875000 0.125000 0.250000 0.250000
30 0.125000 0.375000 0.250000 0.250000
29 0.875000 0.625000 0.250000 0.250000
13 0.125000 0.875000 0.250000 0.250000
12 0.875000 0.375000 0.250000 0.250000
33 0.375000 0.625000 0.250000 0.250000
0 0.625000 0.875000 0.250000 0.250000
26 0.375000 0.875000 0.250000 0.250000
4 0.125000 0.625000 0.250000 0.250000
14 0.375000 0.375000 0.250000 0.250000
8 0.875000 0.875000 0.250000 0.250000
20 0.625000 0.375000 0.250000 0.250000
15 0.625000 0.125000 0.250000 0.250000
19 0.375000 0.125000 0.250000 0.250000
1 0.125000 0.125000 0.250000 0.250000
21 0.625000 0.625000 0.250000 0.250000
