1 0.875000 0.375000 0.250000 0.250000
31 0.625000 0.625000 0.250000 0.250000
21 0.875000 0.625000 0.250000 0.250000
29 0.125000 0.125000 0.250000 0.250000
25 0.875000 0.125000 0.250000 0.250000
5 0.125000 0.875000 0.250000 0.250000
19 0.625000 0.125000 0.250000 0.250000
30 0.625000 0.375000 0.250000 0.250000
24 0.125000 0.625000 0.250000 0.250000
32 0.625000 0.875000 0.250000 0.250000
16 0.125000 0.375000 0.250000 0.250000
20 0.375000 0.375000 0.250000 0.250000
18 0.375000 0.125000 0.250000 0.250000
9 0.375000 0.875000 0.250000 0.250000
27 0.875000 0.875000 0.250000 0.250000
17 0.375000 0.625000 0.250000 0.250000
