18 0.875000 0.625000 0.250000 0.250000
8 0.875000 0.125000 0.250000 0.250000
27 0.375000 0.375000 0.250000 0.250000
15 0.875000 0.875000 0.250000 0.250000
19 0.125000 0.875000 0.250000 0.250000
13 0.125000 0.375000 0.250000 0.250000
33 0.875000 0.375000 0.250000 0.250000
0 0.625000 0.625000 0.250000 0.250000
3 0.375000 0.625000 0.250000 0.250000
2 0.625000 0.875000 0.250000 0.250000
7 0.125000 0.125000 0.250000 0.250000
14 0.375000 0.875000 0.250000 0.250000
24 0.625000 0.125000 0.250000 0.250000
4 0.125000 0.625000 0.250000 0.250000
26 0.375000 0.125000 0.250000 0.250000
1 0.625000 0.375000 0.250000 0.250000
